4.9595933718402
6.2994305611259
2.1342418585717
0.2371849154856
0.68339483811278
2.3818107486149
1.2108972727583
1.0674097876361
0.39338302802325
0.0065872846486224
-0.32242464592157
-0.0087353129722177
0.10913622628006
-0.12604643679441
0.14334487265666
0.053627578140649
0.41939472868413
0.16476650797127
-0.10656572048093
0.032884580245197
0.066404177163854
-0.12784420908122
0.13197856267378
-0.15866986905897
0.046946930957192
0.1307822988382
-0.31021701475009
-0.011599239848834
-0.18898054895001
0.078263260447764
0.045935538089523
-0.077475699979509
-0.023020841062375
0.13541436727034
0.18055930044484
0.1759705878323
0.040526137343539
-0.7223538606266
0.23779506165647
-0.0040083204012197
0.16343419044561
0.074600421439886
-0.1720209009749
-0.036508768418711
-0.068283973298017
0.08991076704113
-0.18892872528427
-0.12862174302518
-0.0029287416256372
-0.24378731787644
0.042160020857701
-0.14121261330144
-0.0033593452829958
-0.063559858077246
-0.015353167181918
-0.66567588649964
-0.68371911683096
-0.39175147393339
0.63209545996846
0.086458714060021
-0.010926167140731
0.30271351237704
-0.043057695801432
0.062267150189433
0.91161637064962
1.8025623759285
0.10986633449168
-0.055801138756017
0.037406699324204
0.96498814561514
-0.090442830025404
0.018633563852295
0.08172387487628
0.060486284283906
0.52046687211064
-0.027388125130927
0.05597963249208
0.10743934715382
-0.19655739279662
-0.095856619214332
-0.077452297647308
0.13690263792653
0.13754084248913
0.13374189541905
0.038674379746203
-0.17609799499944
-0.058993187599373
-0.72131893988992
-0.27540333324406
-0.068673975980629
-0.1386765951651
-0.081223493117032
0.062773582822962
-0.21966841401992
-0.11851958636955
-0.1139164744848
0.20766613010566
-0.076188995563535
-0.15836207841984
-0.077821945708194
-0.13545545945363
-0.057374697187347
-0.11658087529283
-0.014144225442392
-0.14272245839184
-0.50133840759022
-0.11883492398368
0.055633194321385
-0.089998892940816
0.050765389147558
0.60943102727388
0.12479679883369
0.077775372206773
-0.20254962358193
-0.070599562364679
0.37678387295801
0.053704938050187
0.050378982149435
0.03854503451102
-0.018457935108919
-0.023320003259242
-0.78656654362931
0.068537482987596
-0.088231692949259
-0.028333688867424
0.10707091235231
-0.12625167901283
-2.3550234815176
0.11167999675837
0.1141111118636
-0.019216647349633
-0.1358414391066
-0.1347641744257
-0.1197726585479
-0.0019185049136142
0.10840956230447
-0.39170610319799
0.093111163438614
-0.079002567361669
-0.093737580585157
0.11090689670495
0.094261386868958
-0.0012126349854669
-0.01609132874429
-0.21652384703268
-0.024327212895119
0.15174281420344
0.22235919039299
-0.22152517442001
0.012298553848057
0.19977293661198
0.081020114208356
0.029895024953327
0.12547171963027
0.079990941003122
0.096608927900633
0.13532856050944
-0.47357085716744
-0.038031106648979
-0.19394778835818
0.38176384157906
-0.066582062699379
0.75025956219168
-0.073112873259844
0.13307017314798
0.038801205002931
-0.15626817957871
0.066045319461444
0.071581200761152
0.064158601043734
-0.11397083672025
-0.085066152612538
-0.10106386445524
0.029231904776733
0.11652038543271
0.097146732178884
0.24436239397307
-0.070905289835356
0.057637460670201
-0.047378994697168
-0.039866492726611
0.051872620265763
-0.056760840892725
-0.028922143638282
0.0011648744486956
-0.5561824649087
0.017473104888055
-0.21645660351579
-0.011706498552689
-0.48848186046137
0.20565975969252
1.1246595108634
-0.052790181791178
0.015467536315542
-0.15290287388174
0.120401534554
-0.33155872199611
-0.014295768159129
0.070734459825889
0.0092451837220217
-0.087030807016908
-0.024696619065307
0.15586256236864
0.41150211009585
0.056604414549555
0.069054045248657
-0.10865494032758
-0.13111429699208
-0.10936192684901
0.11934252501156
0.19650950520511
0.14911770696407
0.011283410277836
0.084992658540463
-0.027571607630995
0.01471968179867
0.069624592889572
0.0047606205588737
0.013712450456488
-0.023082749738969
-0.070047033529493
0.04420643769331
0.093461701765464
0.059836183909779
-0.2318015900038
-0.10386704313284
-0.070774446088606
0.07631239203769
-0.066164945670166
-0.017196889345067
-0.16438832772541
1.0385516640402
-0.091549371345844
-0.030401813917069
-0.31383090333492
0.012524456039218
0.052564801728386
-0.0055744056546066
-0.037974330566861
-0.58384411410928
0.22239164537317
0.1040773440557
-0.055942382545571
0.08842671676298
0.081467145403935
-0.13734977754978
-0.097078021322083
-0.21109811316449
-0.0024809575038277
0.011777270038314
0.13102089009893
-0.079982555383432
-0.034089100665523
-0.38844853113116
-0.091539593020027
-0.096498833921994
-0.20449786259328
-0.26124288033166
-0.078872214286796
0.04188849766013
0.030677857238648
-0.034933490381183
0.080640680299504
0.018824754585453
-0.28756834224906
0.0064092379460084
0.052947551584487
-0.081527753377948
-0.064000735001635
-0.2921956291978
-0.062605123540596
-0.060690268849768
-0.49442095899794
0.026792950674583
-0.2588061370218
-0.05492226724451
-0.19393198204617
0.01775620264307
-0.34900145002
-0.3533729004719
0.016759638416671
-0.09689253665677
-0.05466859211038
0.035907148348357
0.071694049251507
0.20737989425744
0.12878514959576
-0.15758042832719
-0.19199970715583
0.099534822305675
-0.062147864575633
-0.055239474080229
-0.21585258058224
0.033391532310736
-0.064905221107683
-0.069399319009392
-0.097530296283245
-0.10378167968772
-0.06288394013037
0.027844449192621
-0.23374621595278
0.12707535727401
2.4021322208447
0.21431003746983
0.053835462997309
-0.12113541988973
0.11542995586732
0.087592751066043
0.068949073353682
0.069866846586012
0.067829347687503
0.065618478383382
-0.41056353998173
0.79018640059736
0.16858338828366
0.013886618845471
-0.25254751628728
0.071964856599932
-0.11024365417331
-0.18257940136899
0.095557380557243
-0.12850750737691
0.050950595591087
-0.27665903001003
-0.033295155843812
-0.0041995127669329
-0.56830126947585
0.34317522325134
0.060734266771997
0.21116931193
-0.075483745806049
0.05008868183956
0.12707096161672
0.016009156921975
-0.015665413367594
0.21985574737607
0.10203214932357
0.20914609768981
0.19747321165374
-0.39532909786815
-0.15900939617497
-0.14746472200819
-0.16360698834183
-0.12203179308181
-0.19318301668489
-0.20884317773077
-0.50355838276724
0.069471261310036
-0.0028694178798807
-0.14459318842737
-0.013831896764333
-0.071206942421574
-0.025863331623201
-0.74666994608162
0.20922465893796
0.068043441721246
0.012735030631518
-0.94788992752822
0.068094820648358
-0.40116583894917
0.15286736454858
-0.1193779447035
0.048160005204431
-0.65392275735425
0.15108664696593
0.057675590656403
0.11662079572727
-0.077995586329153
0.014933648525701
-0.081280078832439
0.056516348724794
0.0088218872294671
-0.089672622301988
-0.20442531606553
0.1159672886075
-0.04768885049154
-0.080462252143849
0.060957732165643
-0.067508521529231
0.065263833730253
0.052971148957942
-0.033336583675473
0.04470358832462
-0.031970421799426
0.011524997115568
0.0023268768159715
-0.30749487019323
-0.40654378611692
-0.06700567892259
-0.15807035398575
-0.22790734928599
0.20248305399003
-0.02713885425616
-0.60866349402427
0.023672531164889
-0.10444389708291
-0.2998945017054
-0.019378488068011
-0.2766483858879
-0.20380736647455
-0.045776755117105
0.078921779429228
0.066734600876522
0.032137250676715
0.045447359670872
0.073119559885881
0.06058309002186
0.060197540743967
-0.46517881773847
-0.01657427537992
-0.20946608570884
-0.19059329928839
-0.25671941286817
-0.27999642953536
0.074747050446485
0.072752538393888
0.15288278612742
0.14328102979513
0.083996069838379
-0.038746626545594
-0.49719603941068
0.13489766099535
-0.02018555515666
-0.065997115320823
-0.20291464029299
0.048055751230432
0.027806873268971
-0.085699569245015
-0.53570178702723
-0.10848322490608
-0.026587858838234
-0.098582267624035
-0.0048330181190342
-0.1256098811094
0.098106035359861
-0.25619999268598
0.0042358507838885
-0.15145314915244
-0.0025103253304905
0.0044436216017952
0.052894220924476
0.070806099936844
-0.12260051067127
-0.020322359236937
-0.29942278637301
0.077629095382652
-0.011248697879408
0.010313663771479
-0.097696049206069
0.019146665944358
-0.20931141544791
0.0058249371047738
-0.2412567109758
0.044858664864704
-0.061734387708916
-0.053761163106441
-0.24726261013123
-0.073759036244745
-0.032465832909185
0.13767404633078
0.22062479222357
0.5832991338102
1.3246989526207
0.058888149959478
-0.046882060923482
-0.022757964732548
-0.26037088291674
0.0059432959694545
0.82055669020905
-0.16725108267757
-0.035527950383614
-0.06460239672078
0.14202513636298
0.077495023523158
-0.0048195418827973
-0.016270806154941
-0.021582441959582
-0.21857529746676
0.076865647455744
0.022209971674564
0.021875256915866
0.014966202710072
0.093628120976372
-0.067810581068882
-0.031870932804498
-0.030871858563245
0.0040360399164182
0.0024693745263481
-0.094427810166537
0.27557762058088
0.16587632949303
-0.017232228049808
-0.033267308523108
-0.14103256526473
0.087295375085079
-0.11321697365574
0.048469736681877
-0.0032153640745461
-0.078415223363945
-0.072332762288319
0.099392503382095
0.029912649539464
-0.25361549560023
-0.10649907932718
0.19454482085019
-0.083887197275897
0.15547620749185
0.37076915614181
0.06773644896016
-0.082674462537512
-0.034800080930728
-0.039257630420443
-0.029465291928646
0.019262130757449
-0.12396398490149
-0.12215741499327
0.029675431561555
-0.11700414952469
0.039323207758449
0.12937652205975
0.11900248924878
-0.012233304529027
-0.099785946246521
-0.023833239481279
-0.022851621170172
-0.025222341516213
0.12106553752597
0.042924308519756
0.064901278196647
-0.17308618710006
0.060487055095973
-0.17470424340398
-0.71093554566577
-0.078337021016543
-1.0086497492212
-0.10821777702314
-0.054235397271097
-0.10447075922185
0.024949518620055
-0.2394414952348
-0.12069261570325
0.01566238786549
-0.15483082691268
0.025871026174576
0.10976639167432
-0.090206730445906
0.017125616788873
-0.17922445260357
0.016324387656081
-0.39759300075625
0.079740224785532
-0.19132258583911
-0.12888961042369
-0.013962301339898
-0.036685438993554
-0.16743768577198
0.042187954769105
0.00043942746602038
-0.34052745797717
-0.16654632961466
0.026219097294462
-0.11541794699974
-0.026847919542673
-0.12983583769748
0.035106077536642
-0.1216566798602
-0.22216184583739
-0.010767637941394
0.050054073494949
0.045290352624939
-0.11363889617519
-0.2935446994114
0.089986267699812
-0.2540770720488
0.0047123285311303
-0.22928387326755
0.047797049559045
-0.078851867070599
-0.054250096654665
-0.088456375575276
-0.23660029282524
-0.12298723939862
0.066399092272807
-0.31487260122102
0.047891537219575
0.016316620998221
0.063784227643526
0.065208473532596
-0.056302731621594
-0.043696781445869
-0.083962402259589
-0.062601269730618
0.026419035073993
0.084593097178173
-0.12301153662469
-0.13902218698591
-0.0029943448766875
-0.064088239830307
-0.13000294439601
-0.0010722391374424
-0.021700908541948
0.066558743781452
-0.26051854118103
0.38516107832376
-0.027288605687262
0.041488835051607
-0.1966929413355
-0.96220731233511
0.014261222394041
0.09532121388626
0.059084336830387
0.023865680578523
0.097644748514083
-0.51631432827003
0.068005807916493
0.064378836831972
0.13555990372967
-0.061676999793228
-0.013379046585214
-0.09543838682784
0.081809944150512
0.07964722962335
-0.74248406437468
0.012914436342992
0.037275558352206
-0.039587364921769
0.10204401876794
0.066157388153057
-0.11148223250141
0.058171742106883
-0.17947716350473
-0.08405626988676
-0.026502381240725
-0.32241350580038
0.11519847282779
-0.13289774818511
-0.15096431839322
0.012370206763215
0.070365859399235
-0.34562708706785
0.090307259183966
0.30188324155636
0.14837182024883
0.0079240916016896
0.099297793029858
-0.095129406899222
-0.081427117722621
-0.0061796761579331
-0.019517208070498
-0.44889700423573
0.025546684767329
0.072009957770999
-0.22691162309869
0.01409262937182
-0.16322663275499
-0.099339601021849
-0.085952744480458
0.064195332834898
-0.19292023715894
0.095078099432614
