*suffix_pad* 0.16745891287238 0.11699751025502 0.018934938773065 0.24479450035106 0.020198957654069
*unknown_suffix* 0.88870771854359 -0.52814534862257 0.18597765874855 -0.10568324263597 -0.45091252887519
sc -0.054698028661532 -0.14694665019078 -0.047651442329153 0.01796243653098 0.044295738892347
yu -0.15342694747465 0.083851529711879 0.056292325798419 -0.18878583816912 0.13069200751177
-s 0.014257527378579 0.067651311265548 0.066058045238517 0.043315470924455 0.12799054077238
cp -0.10742817451983 0.13533239137989 0.047057973282351 0.18431855937149 -0.15672610446454
fo -0.16098767193603 -0.15035450210931 -0.044812786173014 -0.032926869901953 0.030884109270091
.j 0.148220626624 -0.16011989270905 0.092347234907977 -0.0029809931797689 0.028492052128166
\* 0.19979754402718 0.38708361391317 0.27856747008243 0.31462102324064 0.13311306706176
re 0.31387351829279 0.28069277043897 0.028570932823012 -0.012606198188939 0.052772407347412
np 0.035036040551396 0.037425122596156 0.07102155183428 -0.022465808379585 0.021971596596817
ej 0.050865495514795 -0.0059759591056589 -0.062868520930327 -0.032615214802966 -0.089510321520005
_, -0.29520773869692 0.011419632358275 0.039845492504747 0.12151757370708 0.20538269596838
02 0.078328722193227 -0.053811498339219 -0.14905845968091 0.11741302546224 -0.21993766017933
47 -0.090231076153721 -0.064132067018424 0.1045865527593 -0.063367087130129 0.22786491775269
b2 -0.082886717182791 -0.11511172393896 0.24034514656469 -0.16736133518872 -0.062135073547123
22 -0.14235851031425 0.014042996816939 -0.12003399042306 -0.19861928321185 0.096612218687612
01 -0.38085585984917 0.064542929235443 0.29406121258774 0.19290737227482 -0.091754851340485
_' 0.20527312131367 -0.12579649448283 -0.023233150591446 0.16525534905037 0.17459678640381
rb 0.28194510519747 -0.030293890506543 -0.077105712690254 0.01946718607825 -0.026938281752519
33 -0.058726030765618 0.088984900894854 -0.10021449061024 0.0054586678611872 -0.22051330005949
cb -0.099431571697886 0.10308305480921 -0.082445738625407 0.10040024908198 -0.051103204722654
12 -0.0473100752506 -0.016803830313984 0.061841252164823 0.14168156510388 0.099210465094009
fl 0.018191542980603 -0.0016755796583597 0.024286617834209 0.073886164555686 0.0081543515021419
ol 0.46780480310802 -0.18092111460441 0.35288137183809 0.1231937559308 0.33669987689815
28 -0.1501803520775 0.062433655990664 0.12882106631891 0.012162831936976 -0.060643337688597
-d 0.045912694067305 -0.09578353292654 -0.044667849398442 -0.025574865024038 -0.071327364860486
bg -0.02821467836393 0.11100889323561 0.20628791762371 0.14965690675247 -0.05161048746487
&l 0.028118751053714 0.032047090435072 0.069219861848996 -0.0028091321145213 -0.16370390095969
nl 0.16452980565008 -0.097714162149594 0.035511381112072 0.087308967446208 -0.080986400199837
sa -0.0014858316735966 -0.036234562261642 0.20611702472356 -0.019997485076468 -0.15606644564907
rw -0.022543351384577 -0.016929589202335 0.17014612879153 0.01750245371599 0.12847365583144
.9 0.040398254211248 0.068016015081621 -0.24723774070133 -0.10760666843605 -0.16305266716615
_x -0.17722078776587 -0.031625910076185 0.11500965453532 0.22390173127486 0.032241514634573
go 0.21090829780326 -0.12935048573645 -0.24611569292023 -0.22713871008832 0.23539661375386
n' 0.0071285733937385 0.094922086599185 -0.13082238509402 -0.0206958508105 -0.11307288619001
nu 0.21969142942534 -0.015501575039064 0.06938867136132 -0.021743820968317 0.025267174264819
8s -0.004510232977504 -0.095795705150795 0.014072749328561 0.19374673647278 0.2134986766363
su 0.20074813918298 -0.12568746571847 -0.0019872538499997 0.046762044402484 -0.024977945003948
b. 0.066808661320685 0.11635133562335 0.22576936961727 0.15200177105274 -0.041439624296171
jh 0.0075022952341016 0.055152942498379 -0.1573303052994 0.10863242356527 -0.018828582502849
vl -0.0091617625730401 0.033222047321633 0.10484953642014 -0.031168467696265 0.0061568217930898
/4 0.95939390582533 -0.62250005775741 -0.7652345407501 -0.68105104704324 0.086230415900034
vx 0.033251663642481 -0.067471963156793 0.072151957101636 0.13168006227767 -0.090410015640541
pu 0.22631641782147 0.031843421899868 -0.14534045428564 0.0086575598584136 -0.060745542256172
je 0.0022709179596018 0.017313238678559 0.10795374648615 0.13249460926256 0.0065433626717661
yb 0.011177442718737 0.11499498260057 -0.019881041103066 0.11166475093687 0.045985063586198
at -0.51101350616952 0.42001399427791 -0.14774510908198 0.10970325177981 0.34137226311982
ns 0.068632589110582 0.046856102747351 -0.37871212787586 -0.64948838647455 -0.18786634077651
26 0.25571343955107 0.11790349773947 -0.17757947329704 -0.080315031625636 0.14838405431499
64 0.2043592993271 0.13071249086397 -0.11934120933659 0.26387256915658 0.22337181103917
ml 0.22835066976182 -0.019301820440409 -0.069686431010098 -0.085367200713731 -0.054746773453625
ho 0.031427161047738 -0.0086686565463144 0.069877147513465 0.10724000428332 0.13390116918663
68 0.066249212823013 -0.0091273930225228 0.094825167332433 0.014284748775884 -0.04155011073129
pc 0.20260525514762 -0.041723417492808 -0.1285648569745 0.091557135956452 0.10608433935732
_5 -0.19364046172286 0.080254467401527 -0.13252904478357 0.018700771793809 -0.11150501286443
_4 -0.10734929804989 0.02232399000327 -0.0012477844248497 -0.019606055741303 0.0045497534736632
74 -0.068096397407531 0.080954813223236 0.025161442324816 0.14017712300788 0.15333859141513
96 0.01010164347527 -0.10291559326622 0.0348333665567 0.13708193064695 -0.038534982426318
og 0.0020339279575137 -0.086297775899869 -0.098422662579732 0.0029036551236975 0.034424578084406
gs 0.10641009276039 -0.24960978524727 -0.64869226410569 -0.17234791969469 -0.10523889676504
ic -0.10453471778971 -0.014262901870011 0.11049034764745 0.042911221007277 -0.2859139440491
ai 0.17421007879651 0.063791700128086 -0.16121252509034 -0.051817185188915 -0.18385788056022
nk 0.25751006231773 0.13158435185442 0.51110509429861 0.22985128654973 -0.092606018765374
ln 0.1983804934991 -0.29301013715984 0.19651929260018 -0.062913251518499 -0.089896442634587
_; 0.17054017639834 0.7725582750301 0.41337661667124 0.49528408620337 0.26551274745503
-5 -0.13480120518247 0.11576210358742 0.10401517856931 -0.053850419777832 -0.082639811025928
as 0.16265473030955 -0.13428440009273 0.028060514242743 0.054861610619312 0.029070051299785
99 -0.10009601138651 0.33784261518303 0.067298449204367 0.091807367700496 -0.085964753614382
93 -0.008208350928076 0.25339075004105 0.048207191235739 -0.00068678538569141 -0.24864422070593
mp -0.13533533267432 0.091112133874697 0.1819561421544 0.13345902409853 -0.1828319755952
/a -0.27745771532393 0.16532077032404 -0.019956033509927 0.07952655479883 -0.021807080378202
19 0.27132011669635 0.084982885643045 -0.36329459233429 0.031430940673377 -0.036613562052666
.. 0.081476934331163 -0.4440703904857 -0.15802236240548 0.17922324077184 -0.20341137297432
ra 0.27069698329583 -0.18199229848188 -0.091941388340519 -0.22603237755346 -0.072024469479189
tc 0.3529121725814 -0.043918701295111 -0.081783307886333 -0.1098475350115 0.07009879936008
o- 0.08895594359744 -0.027391221179611 -0.099410879505823 -0.040292343747886 0.025299015831608
ss 0.15130800493621 0.21744223855776 -0.13846960247661 0.16175027695134 0.031831475546285
62 -0.08311595716146 0.078793428293017 -0.049964267558799 -0.15725057571623 0.01173058003202
90 -0.12380779256607 0.10748515725095 0.32517248235925 0.13683122002732 0.29043877457804
pt 0.15212728443431 0.25026624618998 0.028299251357752 0.16784475270717 -0.044676087532102
de 0.30426405672351 0.19475178135958 -0.23720802522271 0.24510333683773 0.25831804620073
46 -0.079539661559961 -0.10447255212468 -0.12097747518151 -0.076778169885144 -0.031646079304302
31 0.066115235230096 0.06403820407699 0.25000682001881 -0.0083531365968468 -0.17143372672358
mf 0.073064981044242 0.038076909640265 0.1451548476079 0.064603657469123 0.020145441721339
bi 0.18491344984323 0.048114158572061 -0.020990597617406 -0.2451791064421 -0.14683910103911
mo 0.17803471937291 -0.1012878880833 -0.16118349347892 0.067568783024748 -0.06507127855561
wo 0.10386145915767 -0.26970333341958 0.25906411217653 0.036308222336888 -0.10374762668905
30 -0.26550496034202 0.17165393380531 0.039763486840499 -0.16549810581171 0.40435459204972
ik 0.15549929621039 0.13340614101974 -0.056527177489671 -0.22838998313307 -0.02140543493271
34 0.0049839205104274 0.020408130086502 -0.12548218416938 -0.089187273403215 -0.0021441952937755
ks 0.40343286748206 0.090528549767201 -0.16800860261855 -0.79969374913343 -0.027879818138841
rk 0.09347979898624 -0.053046967416612 -0.014300005115957 0.09556370796992 -0.090577926201153
13 -0.16612487563009 0.080267643998472 -0.023572021144818 0.0040767803364606 0.087458744975764
2c -0.071012120274833 -0.059218741128561 -0.016938659673763 -0.12971009740172 0.0076479701778939
ct 0.037522145663683 0.41591662590247 0.07748189825285 -0.18814242420939 -0.25959210317109
fm -0.085761560400429 -0.030098705916308 0.017393575170879 0.070335173095182 0.099226857630246
00 -0.22416822228929 -0.048890473234977 -0.1941006601031 0.087096621187617 0.094891734590019
wl 0.068416870952821 0.16057324465608 0.20660695199762 -0.033334443380191 0.032641707508438
fd -0.039371815398851 0.050569501739775 0.057527633064513 -0.035880905964823 0.015044669749889
'' 0.024343791802906 -0.10223139389369 0.17073739052398 0.73399485951818 -0.99802554966772
9. 0.04514320892463 0.011705869183282 0.21529421415645 0.041713388071074 -0.073263638087411
po -0.011476469612931 0.055221228684387 0.098045742904182 -0.064719556946782 -0.0032015586005502
ad 0.22322779607937 -0.23669220496971 0.18875817341951 0.19943865918424 0.019598455791612
ax 0.09960365111454 -0.17409566157977 0.16126051545036 0.20107958203637 -0.2133371083689
ed -0.27301602125282 -0.37585604513778 1.3810612198649 -1.5838883438767 0.32238711407832
94 -0.091132220718426 0.092210431707011 -0.19142340142893 0.056608687229427 -0.26201871227537
/2 0.93949719467166 -0.29156067595904 -0.62913825306305 -0.62525653702015 -0.067581380600714
87 -0.079522952049404 -0.12598329809087 -0.054042313013979 0.1818762490078 -0.042186898632196
_f -0.029532777348178 0.084498949489689 0.11570579761173 -0.13344311691519 0.096834440302749
of 0.13517518902139 0.30642182926374 0.16116267667897 0.29743751488048 -0.11865883611506
76 0.17977893444862 -0.031449078804226 0.11840972290109 -0.019258112237714 -0.037980645660153
sp 0.049807155731144 -0.030377585893254 -0.19994034145195 -0.037829411439508 0.17892911079563
nt -0.094656040847819 0.51531382392911 -0.10254987954917 0.074805164483365 -0.28432351523968
ew -0.047407662084827 -0.059686105637669 -0.14440754574134 -0.28160416772095 -0.23436701095645
oi -0.15597748424196 -0.095169442857965 0.097064412855479 0.045934100348776 -0.12921862666328
rz -0.13933290434516 -0.030213793030962 0.038321660011684 0.015523305653051 -0.0077217952938241
jp -0.081337989597481 0.0032745160387004 -0.023807284053138 -0.14268538436034 -0.045690701500781
ab -0.05051425867003 -0.080340813188136 -0.11029465601815 -0.18973297896463 -0.13522192822385
uo 0.029590567972561 -0.069605367578042 -0.061245985197695 0.25746559010521 -0.034954243090011
hl 0.0250992478113 0.041930705474304 -0.095438148217879 0.03513093481861 0.052128376705359
bk -0.033530284612002 0.11998742866409 0.072838670741538 0.014798786411133 -0.12779123827071
am 0.14029026971284 0.10710751919195 -0.080361166111346 -0.15508445272155 0.016038113050308
92 0.12705353839241 -0.085188634609951 -0.00026967485450209 0.037566721521961 0.019279391135885
.1 0.0061327879663391 0.25185842909384 -0.11232493804387 -0.09645519315062 -0.032213364844164
lk 0.16541292037564 0.17098814168528 -0.0012459427955533 -0.10194825598798 -0.072102968217153
mb 0.0097785068853899 -0.086604508612807 -0.048759967476333 0.03372552054267 -0.044043961140373
yk -0.039000403701811 -0.0064560761811264 -0.058864015605344 0.29341033196009 0.11760825200626
_q 0.2079545630377 -0.048712426957038 0.023455581217929 -0.046211653632222 -0.014924725134919
.4 -0.21169407691948 0.16364845670828 -0.047181356696713 -0.067770557975401 -0.0030676208502448
50 -0.0086564438132303 0.10097819484262 -0.031668163586216 0.086760649236805 0.047363178272162
ub -0.11028285773449 -0.046422459068472 -0.023328996877018 -0.10447023262238 0.093266593612697
lc -0.06421210497219 0.11836862243165 0.0041894106284827 -0.070289759608433 -0.057033087272725
bt 0.10542365177189 -0.0031698991600455 -0.30878167277236 0.0016505984618335 -0.11729939432415
nn 0.077788581977057 -0.1414798102204 0.070222710628024 -0.13530344448393 -0.085748393031994
ty 0.29482924440804 0.048039222071467 -0.038542371340151 0.27034334582771 -0.21599377470112
op 0.021865601727534 -0.013480036166478 0.3127784660041 -0.030364546440309 -0.15289770187005
z$ -0.13802146246795 -0.049634367272439 0.019305616011411 -0.12432160296454 -0.088109578863386
49 -0.043560974772886 0.15015566474885 0.12480968901864 0.026228969214821 -0.011537324720098
ur 0.2211202439702 -0.32389548082247 0.091510245130721 0.018417307382926 0.18224881802821
ef -0.092863274508404 0.042801103040636 0.09990580593421 0.090802334605266 -0.17467009320871
wn -0.18408003997612 -0.20453639909922 0.39345967096307 -0.48055887744394 0.10918717074122
dm -0.0047835190089284 0.11674970458254 0.0058320407958728 -0.01343982836185 0.10724610931133
j. -0.011207575891887 0.071389024190683 -0.052470342807302 -0.2374934584185 0.012924567586374
_n -0.17178108916318 0.069674586444511 -0.039534517295569 0.020876225310514 -0.12104375822343
kk -0.060723575650731 0.00050979117565081 -0.016821302937703 0.16988764732905 0.15230023007957
.k 0.23622330971461 -0.16933729006412 0.034943792915495 0.14715761633985 -0.065036604795101
/b -0.11309465372482 0.076083037283136 0.051579968859585 -0.04695602919626 0.0070985595383111
ng -0.37023941184724 -2.4889796836471 -0.77228611438563 1.2543633186442 0.46823547407295
c. -0.22770221235297 -0.12651760081976 -0.26234041451322 -0.01158181737186 0.20950673442497
bm 0.014725531474972 -0.020391139270168 -0.066922983587335 -0.09595471628334 0.051338682126911
ip -0.099110957440327 0.088890929985282 0.09279612689386 -0.018583999510048 -0.087089003951246
fb -0.04194021046702 0.0091678310973186 -0.066206984307168 0.16839590148145 -0.0090396698975662
fs 0.15576348543748 0.17517005410724 -0.2796743245662 0.15212168282583 0.1125508554547
86 -0.20669321162815 -0.10207210301206 -0.26489206367684 -0.22383453074861 0.19309317054708
cs 0.24692579371562 -0.1608566435088 -0.19507677505741 0.073356450899485 -0.044253210199041
yx -0.2325494831837 0.11661571648904 -0.09032255585891 -0.21088925796305 0.083667599809007
36 0.17197940879711 -0.10160922676646 -0.22359425626029 -0.1429661440445 -0.13613854712536
by -0.22466758933724 0.21676927190252 0.5118334563433 -0.11224635965242 0.82480833392747
il -0.22387438222985 0.33491517140882 -0.0025704229255137 -0.05480872589246 -0.22750483077893
st 0.083797558051777 0.32420106184488 0.012821089138059 -0.10517710500689 0.30764793456876
-6 0.076380112393747 -0.15708625370789 0.14724929816589 0.27788849815482 0.057038309027894
_& 0.16205814270498 0.36104537911323 0.28015431249015 0.10105022069429 -0.20410669824497
_2 0.021496334113662 0.2621108877262 0.33702973273171 0.15955856524346 0.04212381826568
37 -0.17164654705272 0.20869618488997 0.015317563896961 -0.23409480105137 -0.15055007457802
mw 0.037159098736914 -0.065354250861759 0.027163404484809 -0.0028173268157756 0.042488854846009
mg -0.010321958116147 -0.073507386507793 0.084984914816748 -0.18710771980906 0.18981185989317
n. 0.087533218512339 0.24899469278366 0.51655882750167 0.13934805151688 0.067284493161829
hp 0.10776372337707 0.089255997617427 -0.075890433032947 -0.031492653354244 -0.069729752875888
uf -0.12919377523695 0.24489611815415 -0.049960501511809 -0.17036057508461 -0.055203004142576
co 0.17238562518996 -0.061128924811566 0.10441722259554 -0.16175835377109 0.050302280088652
im -0.16607100374434 0.17805430106881 0.028398287463492 -0.18895570644872 -0.28252964152341
ht 0.12250080986393 0.38843031028981 0.41604192637165 -0.12123968997587 0.49625438136652
ta -0.1323601458094 0.0074561029264553 -0.49830119951617 -0.19846943699873 0.044411425582467
xe 0.12695321990415 0.037855316302452 0.050104126478431 -0.16036107802883 0.16001882615554
ba 0.022656073906574 -0.11941800017439 -0.12913673963185 -0.1379001782855 -0.20347556874875
.3 0.047244319954511 0.0041909243351485 0.098622349789285 0.039206949254667 -0.15816212026138
rs 0.24544602191888 -0.11060386661845 -1.0886194469273 -0.63822919289514 0.57667642243967
un 0.0039891845207887 0.075767797160838 0.086435724586987 -0.38303465975053 0.10899672374534
rx 0.14622121696881 0.16963037235063 0.22193917850605 0.054273935796544 0.010294206836324
0b 0.0074226727381451 -0.064124575870733 -0.025106467641834 0.16317135534987 -0.23423519912092
lf -0.25001203407498 -0.14022532526045 -0.14923530204206 -0.019231919933833 -0.13288555647295
77 0.0021514382220303 -0.00077468049865026 -0.055238475914216 0.12994445386931 0.053062999793424
_. -0.27488635405411 -0.060344306596689 0.13668308760492 0.26058456936885 0.034408418358891
ea -0.17771499718183 -0.019929127508804 -0.12149126780798 -0.02642616628019 -0.1016017460804
r. -0.26480417576374 -0.46439814790521 0.034017320321821 -0.18339749343062 -0.61696523583749
10 -0.015380463767081 0.34192814462976 0.1020523626173 0.13278055610478 0.34298000316017
_i -0.06844441539161 -0.086884146398414 -0.065087130584432 -0.13217659230472 -0.048069173913544
:1 -0.086249750205338 0.14173319916459 0.013186614877766 -0.042071053064259 0.12233389368005
ls 0.039311983549757 -0.09462242017316 -0.15704885795726 -0.53830023908963 -0.36357278684329
ar 0.12193687548437 0.41043826276808 -0.093979646399329 0.27636911221224 -0.28103424859844
hn 0.048295146034149 -0.12669106420596 -0.010585388476167 -0.058623523575953 -0.15309869048783
rd 0.33218960166114 -0.047765128364202 -0.13099643947362 0.0021447874796012 0.034332887950295
39 0.26744470292632 0.16773142655264 -0.075063105748727 0.028260960999461 -0.1465953886359
hm 0.025752420036375 0.016048099116208 0.016204792523086 0.017767114971968 0.027532212890152
um 0.22941508899726 -0.15151685889689 -0.24812830775135 -0.24523772671738 0.0033789037959202
no 0.35952858934365 -0.28672429245058 -0.46824574200552 -0.31727827841231 0.37695374927046
rm -0.17746247168004 -0.1769684415845 0.22540203762713 -0.16123401896587 0.13702887815495
a. 0.14079454782054 0.025203647569049 0.39668459532948 0.1942682651244 -0.067590105429799
ws 0.071427534049247 0.19835909432463 -0.15267630705297 -0.57814869550853 0.099687080857512
ts 0.0012855362293249 0.13162485730247 -0.63617475370069 -0.60206475303049 -0.24013966666362
we -0.24310407426012 -0.14543275436657 -0.094135154531603 -0.10793398588816 0.31651087836667
rv 0.024111619441782 0.11338985876321 -0.049615052538432 0.033968835090619 -0.0076383654306199
.m -0.63988893192836 0.3741614397284 0.45825522251441 0.68748735485452 0.13540215499524
ft -0.029454903486333 0.42594847755845 0.12699519447789 -0.22842326111273 -0.2346906980424
py 0.058078581978577 0.21052428861144 0.10712520801422 0.023968588573789 -0.09492004832316
lb -0.10263358969452 -0.055296482803306 0.077336571164907 -0.039174855231236 -0.10024034582236
pi 0.033318137990543 0.09862253456993 0.18513104101112 0.023067553469995 -0.13621043319012
sk -0.10799285754827 0.098540821141454 0.02823305532758 0.078083591328173 -0.10025668755351
nw 0.14280994778728 0.067179691317763 0.016977747108985 -0.22528613776289 0.058297342288138
an 0.084620021135121 0.17875938215181 -0.1334916659048 -0.084902320152465 -0.028135051622293
3m -0.060289470418049 -0.1577437800767 0.014411918124959 0.081997534913813 -0.07137963945109
lo 0.16250666723097 -0.063971739452732 0.072096887990149 -0.018558441980739 -0.094980479367761
mx 0.021156935444357 0.050579096392682 -0.011643356870523 -0.14721103356262 0.12502987619101
rh -0.018971599501147 0.038644486377083 0.071031947762989 0.16173715452686 0.073828520958488
va 0.061822858883583 0.15688319647459 0.053760957244818 0.14124193062375 -0.073249168121632
kt -0.049678644511979 0.049472297611287 -0.069918404759629 -0.078671236857055 0.079630306441737
ky -0.16435808717662 0.017899430101318 0.095340862743953 -0.086908660242971 0.10333951456308
32 0.3116072224584 -0.075749152048826 -0.24300411083811 -0.28465523205443 0.044522970702375
&p -0.13194965944909 -0.21146276919412 -0.10794741763708 0.12263708002712 0.082914130931716
jo -0.096223672292746 0.081522663334673 -0.048625950362081 -0.049464790724404 0.18394350751877
xf -0.022471181057723 -0.11537788000448 -0.026563739489375 -0.19102840246523 0.08671023120893
72 -0.10466642239002 -0.074256640057073 0.013543588966736 -0.0075943404918163 0.017301669505795
zz 0.15570270213367 -0.081230999083156 -0.046220212343175 -0.029203157295043 0.059524473395911
cf 0.013085434405275 0.1733268359278 0.18893133135743 -0.18767845363139 0.059479675892653
eg -0.13490997223871 0.091248129562385 0.071157748485491 0.27602437435474 0.088819831825308
ec 0.1513387052846 0.13298314754883 0.086328507790442 -0.06508938990001 -0.078834265111899
89 0.384253191868 -0.070821264402613 0.3590884025901 0.20228322959867 -0.13739807659059
0s 0.12160832024809 -0.2367074319898 -0.14808230553293 0.031527420288353 0.24908274545086
mr -0.19971438222392 0.25498318439971 -0.097680272922043 -0.012212351685372 0.1093237471187
ni 0.087910946662865 -0.10844839087122 -0.15580769086948 -0.15081651993123 -0.074626071679233
kh 0.15587335122014 0.076952638464784 -0.20898737238558 0.24276426755208 0.070145160636971
_! -0.21521807439919 -0.10236687535737 0.048566570368247 -0.10978543406674 0.017571966982981
3d -0.060133068119107 -0.061288309867946 -0.0054691248621173 0.13837621691794 -0.096256984638531
oa -0.05193979099263 -0.022434370857684 0.03045148308799 -0.088131720969991 0.16150925662801
ut 0.24194255837726 0.34227292037987 0.35018927125801 0.57279170831932 0.20917114490309
.c -0.12380316327812 -0.00064731208235365 0.029144370868607 -0.083665080978505 0.028705822238559
cx 0.1217398390026 -0.167732239159 0.0056741451504992 -0.18713844572761 0.0018494175194843
65 0.032492280661838 0.092110532099218 0.044203475557754 -0.11131453297998 -0.0024466200584486
ck 0.48790894895402 0.0935515292017 0.20654237347973 -0.21269826482031 0.079766828108793
se 0.014228017851829 0.48555102582371 0.071640962276829 -0.14535469477438 -0.00087921333918128
45 -0.0074582648187072 -0.017994277442208 -0.067079854067716 -0.20895954788393 -0.034984412986466
ko 0.049451253720316 0.051164209494461 -0.023346007876022 0.027646106448886 0.077039057874751
_= 0.0019119315092935 0.061092519073331 0.087715623743852 0.078843702307749 -0.11202200105063
_m 0.093145607875177 -0.20582412289962 0.058716020543167 0.0012273027847246 0.036989031909674
-3 0.2247125497933 0.01130346813355 -0.080068521428805 0.065153583212319 -0.014728999571795
ev 0.093062223608765 -0.20688667901609 0.23726877691161 -0.010207304821138 0.05108156874241
do -0.087330282581577 0.17257740579079 0.098071662477244 -0.14563597275872 0.167917017412
ne -0.32568101124523 -0.082970403981104 -0.13389830077501 -0.050407003377233 -0.44938339824179
.0 0.047713705648834 0.17288114045778 -0.01389923937591 0.072440461371703 0.0062291351275129
hr 0.093746569634653 0.011374047663721 0.21464864819203 -0.068432573610788 -0.12928849238228
dr -0.0099344945700612 -0.1233323914426 0.011062064367213 0.026850870374823 0.032867805812608
dj 0.023897902830167 0.027604155333146 0.18122244385507 -0.15424372474341 0.045786010645434
iw 0.17921081451553 -0.024609938195416 0.15602792993472 0.081613584535816 -0.026554463920771
td 0.07492899794387 -0.01029444788848 0.034748483706772 0.065598612498875 -0.011625835366947
_h 0.085661680647756 -0.15316248590822 -0.021857520898793 -0.014196980303471 -0.17298202479477
51 0.17694770306965 -0.043606404837002 -0.17497364443767 -0.11280339719352 -0.1613760221314
-9 0.18827762784347 -0.0076043244541686 -0.18175945944316 -0.0070850289208032 -0.14104541215724
kc 0.087574972042859 0.10613378206795 0.25437943300983 0.047526068992701 -0.069276182914175
03 -0.092572976316312 0.031353103038974 -0.13990519321025 -0.18542125136924 -0.019436532559316
bo 0.17065218292556 0.024933207423768 0.045844527393534 0.052064860510258 -0.2127930334176
_b -0.026195471886699 0.1790079056871 -0.18514916673122 0.16788416387617 0.080253257522604
7a 0.12503567248918 0.066654050451535 -0.045013327306322 0.048087263284599 0.051447773360551
80 -0.062085227056667 0.064528766489958 0.28761541027332 0.055751307975751 0.37409220973628
gm -0.034309205695808 0.064910201581717 0.011911167353158 -0.050050237568259 -0.072681524766953
wk -0.042608793378553 0.07825682865042 -0.10020698899652 -0.019169215039606 -0.015308272366818
iq -0.074417850275531 0.045888647022504 0.0091770206798599 -0.061744907089095 -0.076591090834315
2s 0.069840367796864 -0.13123619337002 -0.097896491619229 0.028512110637786 -0.0010740554957993
ci -0.043254813172477 0.035207917626249 -0.030174996779178 0.0094574736786072 0.13486894819842
lz -0.1179134031544 0.0026938939917936 -0.071839385975843 0.036766332896947 -0.086001467781163
fy -0.16398861073213 0.13252258580203 0.25672710250746 0.11867333447847 -0.052131101508818
_$ 0.21531244918952 -0.082655553787678 0.019344371302219 0.16799488351093 -0.50183710673675
&e 0.024706851162483 -0.046755645925896 0.16965525672094 -0.03446229636028 -0.16043156523339
lx -0.028820707265899 0.019624633118645 0.02912182646726 -0.049216231949503 0.1144030223574
25 0.017507983888719 0.03659679759608 -0.18766928243108 -0.11717226318339 0.073713445150245
fe 0.10697259368728 0.24303779709563 0.072010409880136 0.12518507838168 -0.035180604972779
04 -0.060624566995732 0.099852121797133 -0.13984189462405 0.047475687359733 0.083951174669931
ex 0.06804765013412 -0.024601309307518 -0.15285654757521 -0.08380028094453 0.079024551201527
ka -0.16455552825378 0.064683446107336 -0.31504802144587 -0.011164206321078 0.080445882914708
is -0.079635027962373 -0.30502871792808 0.082530288679986 -0.4178391072791 -0.13382582995702
oc -0.058167266410903 0.029907141896362 -0.026445083728751 -0.2281710846642 0.20302914965361
sy 0.15144231375765 0.22878742340424 0.095062874689336 -0.1526075467764 -0.1252762906835
83 -0.2241502510105 -0.11236751206084 -0.082052561004417 0.060158633171899 0.036263269246761
dk -0.12244720085872 0.042752975787967 0.064325431353027 0.12219128481626 0.11500350397872
uh -0.059692495647362 -0.089710530408838 -0.10986669591491 0.069462180233582 0.10863433920554
hd 0.071120094389882 0.22007050309917 -0.11245676826098 0.070497065031174 -0.029649377315269
ox 0.014796755631178 0.091400254883095 -0.013302193744672 0.0097150526479527 -0.12145016786138
rf 0.0079349018841049 0.035211649585112 0.025221606208764 -0.12389547324077 -0.13332567225687
le 0.016846035556678 0.23811918142404 0.36039771907627 0.25386115221205 -0.75027895990142
kf -0.079147620860286 -0.085933499606363 0.056592256828051 -0.18568183702416 0.074935773623797
-h -0.16514195488606 0.15434348180881 0.044421048386479 0.10716841171406 -0.048689586945121
vs -0.29071306059049 0.02163330734627 -0.077960683574638 -0.14080173365249 0.035920895587367
44 0.15457726663038 0.11127946835689 -0.079297917451787 -0.057270790416046 0.24643612568221
ll -0.058733323073165 0.0031281337962868 0.049756838083157 -0.087088927617803 0.10272035554898
_e -0.023875737192097 0.003393427107761 -0.064231797286992 0.10706012665953 0.20750837018496
23 -0.091601297379102 -0.13963973174011 -0.004371187828983 -0.16396598840891 -0.093351685672551
gg -0.01665399196131 -0.046797148301117 -0.13778021494066 -0.0074106022553693 -0.049542070678401
es -0.034357884358196 0.12479454716698 -0.45281732376989 -0.81928475745279 0.16939472542229
gb -0.033500400272019 0.16346017181653 0.23248258592865 -0.10720222152628 -0.0076455072853903
io 0.27372319054841 0.079256913245771 -0.18087184724679 -0.022835677535364 -0.33163728154567
-a 0.2238966858128 0.14231045891909 0.14046125188094 0.092220358411645 -0.040593428334807
ki 0.07560518987776 -0.1893368983946 0.080134432042351 0.05533546624407 -0.1006168574245
_% -0.076793540132465 0.019570867199701 -0.13405430554725 0.040055484459008 0.2080658124301
df 0.076272547380294 0.15694151978771 0.16481478786738 -0.052351371785409 -0.03078545083725
c$ 0.030387946571295 0.10488416976489 0.064285369254968 0.065790191835143 -0.08766169708042
15 0.040550828129132 -0.17641913477198 -0.11072583766486 0.023125907318436 0.10661136690403
tz 0.080779996286712 -0.08783801293771 -0.16879332828722 -0.03814298448158 0.17145752738847
ge 0.085555503932489 -0.0028211248410711 0.30303599135281 -0.12256920264915 0.024194666192911
_7 0.077110587997411 0.10553651105228 0.06581495753226 -0.1375817790307 -0.0045943834257183
ii 0.1160676829505 -0.062908380447998 -0.12449222755222 -0.0057663089279406 -0.11111942849027
tt -0.052598301367268 -0.20989411572107 -0.046371459063836 0.12080584075614 0.17853996538683
_l 0.076257791666677 -0.11625757360076 -0.061477755844448 -0.17144527437276 0.11143117799155
9s -0.069771382886862 0.13533030412655 0.11094351262871 -0.047296376272112 -0.13188396892681
du 0.012099166385441 -0.10057584562788 -0.25020803615777 0.060613707147904 -0.10511572851114
cd -0.070915726057946 -0.036447598924404 -0.031581789700317 -0.16975198271272 -0.06073681038358
78 0.012209339263925 -0.072908702024559 -0.00054741461798357 0.068790808971388 0.10607224779946
ug 0.20567426135385 -0.2236514402436 -0.024196894137053 -0.13541262285825 0.16290667961746
ua 0.14447605287172 -0.21044669710055 -0.027900351949649 0.046447982936608 -0.097789779891579
sl -0.14823256472349 -0.0905553157465 0.17721402973613 -0.048994387456255 -0.15092348769167
&d -0.022922520620129 0.074176887461159 -0.098911259693952 -0.018931351887959 0.13188271665171
_3 -0.39506516529633 0.15946403344903 0.25076909427546 -0.015334026725604 -0.11703372482165
-4 -0.1507365934942 -0.04570328112875 0.01290481833195 0.04952613892734 0.011522709468117
er 0.21395450544071 -0.050700813660275 -0.15205189786395 0.10356601778811 0.33980263492425
em 0.074055456407903 -0.28821477153203 -0.41536987453641 -0.45549279646625 0.058569371693953
69 -0.075070314022193 0.049394403920199 -0.20411609215887 0.020123542865034 -0.28878135777924
zy -0.046396609498313 -0.017499296403574 0.24825496241963 0.17844890161591 -0.20007705485675
zx 0.040001539225758 0.15645902287879 -0.1190434064785 -0.10152520837962 -0.027033243574714
mm -0.16753579895538 -0.084188713529123 -0.065454122780655 -0.017613084691716 0.025559556997675
zu 0.063680590693017 -0.20058389010396 -0.083122685486278 0.10640127739801 -0.10788786494163
&y -0.056215120391294 -0.15374530386198 0.023178562606051 -0.017164007211457 0.068705415789514
db 0.05006122187477 -0.0057055558549134 -0.20237907994424 -0.0073652319536954 -0.0077246144636336
zo -0.041676747507262 0.17837190194265 -0.042216779957107 -0.079728322690803 -0.13501828004284
zm -0.083767267819414 0.095013961372915 0.073612462875465 -0.0013259051083438 0.037538262423928
zl -0.0001548635053029 -0.0065765509911794 -0.076649096156376 0.039764760869252 0.051203852699218
zi 0.0040241084942259 -0.026436260068701 0.14817690910425 0.14290665184516 0.033616784735406
zh 0.14972131712719 -0.080449523367667 0.051280515467632 0.023247115751063 0.15789623638867
ze 0.21948918053991 0.32297303726636 0.13874359854752 -0.085116097520172 -0.26416395609572
za 0.055211085806849 -0.19021884194361 -0.17126581526745 0.068311094641842 0.067761121174464
oz 0.0020612159584757 -0.1679044456364 -0.064151533842862 0.014368942012961 0.072008045858589
z. -0.049527963242687 0.23145736139453 0.17070565061399 0.20725327161309 -0.068848507660164
-z 0.064681218691808 -0.067486185597875 0.22852998589868 -0.076222031052984 -0.032916006273542
pf 0.033903897440781 0.023870065923528 -0.015909729290703 -0.015941196551261 -0.14013637063644
yt -0.0010009724760566 0.12201217815688 0.041743341654218 0.048076646850334 -0.099358315670227
hv -0.2027449132069 0.17172986997017 0.057959445095755 0.021647337543611 0.15262397588173
ys 0.49348013528562 0.42905465682505 -0.42600851849755 0.081083136163997 0.20467507383723
hg -0.0064926930075734 0.17196925632758 0.14664776979196 -0.2072507560891 0.094239891895616
-0 -0.031217133313599 -0.11154770293266 0.13576522237879 0.092772360574525 0.11703881706053
yo 0.12282311555757 0.14626376481443 -0.18760199376265 0.040383473542638 0.013645943887122
wi -0.051436325224113 -0.013624768200381 0.013938344944485 -0.0030535304019864 -0.14540814097005
au 0.20137447443004 0.076877058243203 0.0090116631282931 -0.13028704923061 -0.19358353483049
gp 0.062961571286642 -0.052208770525261 0.038675769365017 -0.091911628796498 -0.044648618982364
yd -0.38129737365317 0.13823147505788 0.2589741232811 0.11886015197207 -0.094666237572687
21 -0.29694071858221 0.065434219775216 0.11328567149143 0.056174422688311 -0.18572162548753
-e 0.13717777748913 -0.053369802292451 -0.14696146524337 0.054176692071367 -0.14640707191189
ym 0.090096517169345 -0.049833978285865 0.037804353679255 0.036109163391767 0.0057594811707516
0k -0.081870818174163 0.20307676768281 -0.12126664094492 0.26906955760754 -0.14074426628477
yl -0.021501466395628 -0.039874162895395 0.056657091129646 0.10010149312139 -0.023060126014799
.b -0.029203715965495 -0.077263499149141 0.15273727637624 0.044464629309933 -0.027551374829184
yi 0.044243109183169 0.081434359046442 -0.05251986607597 -0.25801722098248 -0.063909702138524
et 0.36903694548043 -0.042554447430495 0.25985095428373 -0.055363690062257 -0.32156674551574
ce -0.054256138450379 0.07543233252659 0.23942944289471 0.077176291177716 -0.22142950699671
ya -0.13434403827903 0.0050477328058263 0.067669291096989 -0.020968456506564 -0.16314528119566
'm 0.087450396078005 -0.037387421738013 0.094380782167407 0.064410502278622 -0.010616719897679
56 0.034100457603081 -0.0065127784881729 -0.11323860775464 -0.072328037796814 -0.083781804369464
y. 0.0034498550710074 -0.13553284367935 0.045011167976521 0.15620651453883 -0.1330205573954
pl 0.10897618147355 -0.18996961868671 -0.11345221092443 -0.02971199656422 0.059837908973253
&b 0.0091465918878557 -0.0062139914426866 -0.17928181100429 -0.029905075172935 0.030302358064118
he -0.27767184206385 0.16096185493731 -0.22642225773578 -0.17836223221713 0.13346118790438
&r -0.056882457186265 0.066451351399489 0.20873314067963 -0.13636781580691 -0.058384469258189
ei 0.014407433392401 -0.20928802383044 -0.17941259412188 -0.16287742114097 -0.23013042637269
zt -0.14478583774536 -0.067922584159079 -0.069009477351957 0.11667776860335 0.017836935353282
.y -0.042136660901033 0.012919452397998 0.11565250965423 -0.15883147457459 -0.1131089722349
ig 0.20559194655234 0.0075440229593962 -0.1462241964353 -0.023208886558376 0.33852292124725
xy 0.078284811994331 -0.0021484486762899 -0.18624604627682 -0.11661913659693 -0.15676062981565
xx 0.19158056538325 -0.071760877132311 -0.16702079905058 -0.084909422984737 0.092453633088924
ae 0.026784403961127 -0.1491444295219 -0.30979796224711 -0.20325326322166 -0.065015486732131
xt 0.15815114987405 -0.49436808209911 -0.17486933003248 0.0043006751435177 0.14814999931542
xo -0.029137169979989 0.0039378613343785 0.082711651773476 -0.013301204858827 0.0087229209682164
xl -0.039855509774628 0.11822986307977 -0.03892420915594 0.053442923705973 -0.1118378018658
40 -0.0044572656307295 0.22380656426569 -0.061003177110621 -0.058631679391603 0.035720389365149
s$ -0.08179976208588 0.11728771508242 -0.1333877344037 0.13233623212421 -0.023475268815572
rn -0.10374119127733 0.22051909726291 0.082698735639702 -0.5099575121465 0.081958294550301
kd -0.031984211257915 0.049339639923204 0.12727875358697 -0.081393464417776 0.061569592468197
x. 0.10854922650307 0.021540272975364 -0.22771802570193 0.042680675092244 0.13456171900643
q. 0.0064218959603173 0.037230300645213 -0.065425167596772 -0.025915829729993 0.15288979859566
wt -0.0094491262890441 -0.049544463524591 -0.12855353885922 -0.11804682091244 -0.082968184744765
yn 0.12193279205645 0.10700422187688 -0.094729297090398 -0.033810780704682 0.13661450277608
wg -0.040749805947277 0.1375081516342 -0.051967877010952 -0.022691836465045 -0.1045433224768
a2 -0.0019668953134543 0.18276768237249 0.19302384774192 0.16020705244841 -0.083261037243586
wd -0.13346365383312 0.011702006749211 -0.18961145377534 -0.024190086394167 0.057698700802329
wa 0.096462783579906 -0.10973497856337 -0.073676143943265 -0.0078748465897622 -0.110718835625
w. -0.099861583343207 -0.084834263254766 -0.10473517611559 0.27787978193395 0.19206950015584
s. 0.12956444805673 0.075768481008253 0.084891766821153 -0.10424522836331 -0.41588025186877
_) -0.45835090489474 -1.1553534969553 0.78805505592054 0.20134617860762 -0.32748150788957
38 0.09768579331448 -0.25411420315765 -0.055629277941266 -0.092126921881379 -0.16026604468574
&w -0.090107388422064 -0.06775806402952 -0.1826660627312 0.12174898541126 -0.019003958939567
id 0.12071737244765 0.089119538403253 0.37229668820724 -0.35188139843188 -0.11344963424993
vy -0.11563507899129 0.084486075189825 0.0086868832549105 0.0011543238345505 0.029538122264759
vu 0.21358987983228 -0.067258587609643 0.026624141369995 -0.045201847904771 0.1995651335232
vt 0.078680281953068 0.037290908716831 -0.10513738512327 -0.05492002018653 0.15205057782592
vo -0.013508649147315 0.10084028284043 0.0032375335032751 -0.0045853399931915 0.037822395518896
58 0.13145687012942 0.04880297999012 -0.11390955540028 -0.013856811202378 -0.010508153684287
vn -0.021071045786138 0.18304475090531 -0.0088715375856105 0.13091095444564 -0.040180111698024
vi 0.11280571374689 0.23271375580354 -0.081137266219459 -0.013146152070324 -0.042512872079495
vf -0.16264793593252 -0.033116632024046 0.12647361031616 0.10085358635913 0.054917957456489
ve -0.060788551266354 0.030924985369374 0.10493963576064 0.10677237933331 -0.36697891087312
en 0.069540465217101 -0.01836586532147 0.63792469672 -0.54208132015122 0.35377077335705
ti 0.2670727827757 -0.15801228242097 -0.13481289064724 0.047647110579904 0.010270026848343
vb -0.18352893813971 0.10596797046004 -0.21188345886695 -0.046184460166725 -0.012344704014363
ds -0.11952792766566 0.20002416261791 -0.31118818843164 -0.65598593532521 0.2329615581441
cr -0.14400554316816 -0.036288853308724 0.13323744774434 -0.0095050643808415 0.080229478355505
qi 0.16322835125308 0.12914181582106 -0.03580167487268 -0.017919426328691 0.0030053583220102
.v -0.21595175293152 0.010387065537421 -0.012853430373397 -0.17528847070663 0.075164223534747
57 -0.0054199730240222 0.011700797438775 -0.26553935337683 -0.20658057861556 -0.08043242400131
jr -0.13651568457848 -0.10455659581856 0.18307204179114 0.089237195223772 0.092642100879697
lr -0.023634647699407 0.058629067477699 0.17944626500195 0.0029741563207994 0.0032097786468258
bp 0.13151820091216 -0.069110041521374 0.047402289674731 -0.069200783718671 0.17641653736841
na 0.027565465341836 -0.24726103141143 -0.21722164502791 -0.095098252807714 0.015697336102564
bs 0.11822427014161 0.17618315560908 -0.24510868100411 -0.14515417416683 -0.085716169837253
eu 0.22763125351133 -0.12648549638141 -0.024299117408339 0.013570794595982 0.090376222212266
ku -0.017427814398899 -0.13274911368244 0.047001440792307 0.06955159272211 -0.067096912140178
gu 0.16897447734461 0.039455689818435 -0.035819220609817 -0.005624464999545 0.11326639690948
43 0.13308359310502 0.11909163929449 0.18270157541529 -0.37346933402075 0.077431954796264
sz 0.16996117744629 0.2783964313362 0.05534200156071 0.013826831122803 -0.033218139686031
cm -0.036495714690386 -0.068555514425582 0.16303917461957 0.065822510161484 -0.015387459463491
ux -0.066902195469497 -0.015018730581654 -0.092923636282167 -0.075361454651222 0.03188946449598
us 0.10253135671628 -0.068350789167109 -0.36266759221033 0.11228074267382 -0.4607342472155
up -0.27534159928521 0.1460547927824 -0.16033998576417 0.44605635076324 0.082567971331123
fu 0.10581681987767 0.051359982635987 -0.057261646981589 0.086885700210869 -0.09289490242319
ul 0.23958963180572 -0.061789619606417 -0.17571409727704 0.17239548220337 0.19521010830102
uk 0.031338716999417 -0.12595860783231 -0.22382453380365 -0.0014603917776421 -0.11482308416008
if -0.18182747791657 0.18273904209872 0.096645031559321 0.15200659260552 0.068574882419319
ue 0.076360982678535 0.27981401454154 -0.0048936138890607 0.10859880587655 -0.57217321906664
ud 0.23919489671606 0.038633469565975 -0.047018753764972 -0.018730834603304 0.1227892370404
uc -0.11956788334212 -0.006998016175669 0.09771535896761 -0.06484659699647 0.24574212083885
rg 0.020268087610958 0.087926872853519 0.065175278325159 -0.11426730175682 -0.14840669561998
nz 0.10784290583423 -0.019181956345435 -0.15431090563178 0.14404118549119 0.038345273578753
_u 0.032060408300212 0.101772035819 0.019298144553177 0.082827811666662 0.052749284291974
ny 0.0063116252256829 -0.07726932761869 -0.41934410635188 -0.18555399335427 -0.066792239362422
rc -0.13180243072693 -0.028776054693685 -0.22487199107576 -0.062577315661192 0.013065403289696
bj 0.0022397648680351 0.0015315610333758 -0.082320294968459 -0.017807253896941 0.01836816969921
&g 0.012686875147854 0.083987015424406 0.029713026821607 0.10442987392062 -0.15052476808901
lu -0.089529982560732 -0.028263981406344 0.11036521624718 -0.10602663736416 -0.032551469981844
tw -0.16763484679912 0.02340224591994 0.055982147968823 0.11717399679908 0.074725153194961
ph 0.18203725895104 0.077583072640983 -0.039108281572507 0.00048499131790884 -0.13729019711382
tv 0.056418240090105 0.11761351391948 0.15962000190064 0.0049940885796587 0.17012217318467
aw 0.1578050691797 -0.20266873534717 0.27793815636349 -0.073244732187421 -0.21661973344708
cc 0.068631736708393 0.1064082527376 -0.099291104819799 0.098394959524252 0.11348920121295
.8 0.17235997756306 0.1218302503889 -0.0035229151717513 0.0085201591400416 0.021489552718219
to -0.3745274927489 0.1127767640284 0.11158865359829 0.24027487019253 -0.23515315698903
.a 0.15880036461429 0.17116424594462 0.030762960640419 -0.013400709649552 -0.17240482122657
tm 0.093737012323976 -0.069503010983533 0.11479784532865 -0.043920581489639 0.02745785052189
ia -0.17498085625175 -0.078745058990731 -0.24023140053065 -0.37099897957041 0.20927236411419
nv -0.10000788019308 -0.054546519965864 -0.041862467151244 -0.031294771964706 -0.10988427531113
ch 0.50785338924676 0.18087135740491 0.050950354224284 -0.082672777882151 -0.28746160387997
ey 0.00059986783691969 -0.069336563686437 -0.35486324856494 0.085475045576262 0.017438665018598
p. -0.1432700215336 -0.15380904358455 -0.065546646025809 -0.022811305890982 0.083732176401396
eb 0.18781486944578 0.07065084590083 -0.17204370000946 0.14277563209184 0.047026429372754
0. 0.064689905925813 0.16229102478257 -0.12701888486024 0.077507129460175 0.13762294853949
/3 0.034952833536944 -0.0064617375184639 -0.1096894448259 0.14740058621697 -0.065897537636573
vc 0.26359875306821 0.044636452056451 -0.16125562913399 0.088892150332043 0.14620011659935
cz 0.068733803090825 -0.20996541376511 -0.090707209078005 0.16566362299844 0.050744417355226
th 0.34809038728832 0.28572328619363 -0.28898976109446 0.15591514353211 0.27344205648849
/s 0.019792357100824 -0.096028311404167 -0.056978246165538 0.049127582454542 0.22269287080139
te -0.021249045451724 0.29473149120919 -0.39247672927941 0.11704005978395 -0.15337735635743
tb 0.032199995709457 0.045507936556286 -0.0056229737150627 0.095770008705134 0.085836664344194
t' -0.10270090690512 -0.027215098684031 0.10844723555431 -0.16404948806866 0.0094535901480121
t. -0.11352359415925 -0.02082347444039 0.43775503633171 0.080235722508356 0.24651192924771
63 0.1039376908607 -0.19710834556383 0.092241672327552 -0.2098275844242 0.080622512227181
52 0.09934897570534 -0.15552739188177 0.23144122558513 -0.13105605662685 0.11182409740696
ih -0.026945445124648 -0.084909363602751 -0.012856237457582 -0.11903013430764 -0.14287192151176
bd 0.0059846811260859 0.046199002233355 0.25196543030028 -0.22227353953796 0.01370349534696
t- 0.0038104476796846 0.067138962237613 0.068889882270551 -0.070836842832329 -0.011957656374526
&t 0.077784821341728 -0.029204897016974 0.011107844663115 -0.062724668738339 0.031531876149359
9a 0.082405797794447 -0.0069450487065614 0.042714375215654 0.093426301318028 0.041993288213695
d2 0.17967356720683 -0.038019920451453 -0.024493914168632 0.10475209233951 -0.21247672006911
.t 0.088028958371685 0.231910131512 0.23142401085882 -0.019315547961551 0.060953631780872
/t -0.057398955698874 0.14689955746669 0.0083945739672242 -0.044641974347589 0.0038919291090404
ji 0.074485995496011 0.0019908105604323 0.0093826125491376 0.0070220376569716 0.019665626538822
's -0.31892345064937 0.0649214925369 -0.38957842863796 0.06927728724881 0.28467926280498
it -0.083445320143833 0.0040365185900541 -0.16364253939052 -0.2273508596344 -0.21850894366404
sx -0.08861641980644 0.085885977758316 -0.054279078720442 0.048654287190692 0.061623336539759
60 -0.018505723550008 0.059778012068119 -0.081318995496476 -0.0054749972731175 0.062343483325075
_1 -0.0081068283067438 0.11279517991189 0.10582665244354 0.23532336441271 0.17963005277355
so 0.050793396322645 0.02177089607503 -0.088401300080975 -0.13070067675508 -0.19276211277775
sn 0.029176892890571 0.23727969555317 0.16027602533851 -0.1688099373795 -0.15898376427784
84 -0.10295104072652 0.0010676873730449 -0.14540148279648 0.043510295544842 -0.22357214895819
dl -0.088769091119935 -0.013932452179646 -0.23070469880642 -0.17763430751302 -0.065873631883898
cy 0.048175210885814 -0.16674150765932 0.0086899062157055 -0.115912290903 0.037669842542667
az 0.11848917656517 0.15582683212227 -0.019550184443973 0.11956059454405 0.047953838300879
_: -0.34723760656965 -0.27817146653166 -0.11951714089237 0.28303088557322 -0.031381719195478
bb -0.04150693117611 -0.0053823066150081 -0.018482658782527 -0.025782551042319 0.21514094657056
si -0.014656428586392 -0.10643085133416 -0.07374490429979 0.077685438944571 -0.14318660941455
sh -0.18131635465787 0.028674210358386 0.5266611507249 0.2148978113895 -0.43554797493158
11 0.22834787040057 0.11941678380288 -0.17617120690817 -0.02511612910382 -0.32367221435631
sf 0.18452864687212 -0.14134458287465 -0.056234128268146 0.043950340199513 0.19349547460765
iv 0.036344520469433 -0.090578080455526 0.033766309427056 0.0077451759230343 0.078846408266177
fr 0.155143221363 -0.039649096453106 -0.012257019937241 -0.1587119220106 0.19561452393465
sd 0.097853807918732 -0.14158180987092 0.12379543718854 0.081127891870321 -0.073923691289854
nc -0.16643342421025 -0.12404495921031 -0.031059296477017 0.23303155137219 -0.02372594862821
xa -0.13880999475575 0.0081165913619605 -0.083301305874522 -0.1420972289831 0.052190328479823
.s -0.017254302167448 0.036936744686912 0.14160072771575 -0.13311542552555 0.12475410741551
nb 0.11247906898279 0.0080987902790719 -0.030273471172481 0.031573314312006 0.011369823291953
-b 0.12819505895197 -0.1434660490335 0.0064387842941931 0.046261769716347 0.038557745023807
bu 0.046329804844888 -0.074356816548517 0.090902880255881 -0.22456635958342 0.093868949451747
97 -0.10995556949622 -0.0013216916355027 -0.027738400512462 0.038991238265976 -0.038637673454799
_s 0.050397486950071 0.033974394083616 -0.072657301084199 -0.23001651728418 -0.035169720878617
.2 0.13633111703811 -0.017756886202591 0.083622409459078 -0.043332814186868 0.016258811115683
mn 0.090598194477097 0.16249215838526 -0.062056379672979 0.16219964073849 -0.053987600308429
mi -0.077317022058474 0.00015150586486454 -0.0078813068755524 0.15734145008804 -0.028328921202878
tl 0.042602507897642 0.12716177396738 -0.0540494856456 0.08934907369183 -0.10441631719701
sb 0.077456018295889 -0.064894377726111 0.081337860546582 -0.052297643251332 -0.26431960464375
my 0.2455185314479 -0.21047512896409 -0.05747767930546 -0.088309547037116 0.23895653937931
rl 0.1522422554742 0.066921893097699 -0.20615726795509 0.018865294278466 -0.1922976088563
rt 0.0064245044420851 0.28738359434287 0.26661621814708 -0.30036911273478 0.016431383284697
ez -0.086911560728589 0.010623224070884 -0.20485156907775 -0.19591990366791 -0.023736131767866
rp 0.052080042048722 0.15656577253423 -0.08049297355049 0.031844348384674 -0.084970821700435
ro 0.051957458480216 -0.090925835417629 -0.062639118728949 0.12983565596307 -0.079881757537844
&m -0.14381610183767 -0.048256833207842 0.11938479754778 -0.020638440062236 0.00044892138341778
ri 0.065989111064665 0.15044606166884 -0.0661060837631 0.047877403809625 0.064756831101628
lg 0.015016398075182 -0.030290367386092 -0.0033252941126612 0.12293238082481 0.12048906791401
u. 0.027390310424736 0.061322129661508 -0.025676100049266 -0.018853728916438 0.072342912434708
.7 0.093974190212909 -0.13787067572996 0.14159365018526 0.2020170071067 -0.10538934089129
_r -0.016549772893193 0.05171899233702 -0.088192596663514 0.070373258927646 -0.014318196085924
_{ -0.11999108871443 -0.59230008259219 -0.089742999625851 -0.099343918611479 -0.17376005902743
wy -0.12938672635913 0.020119076174423 0.015543008421162 0.014171766248884 -0.01241004739969
px -0.065102061523808 -0.028938922618235 -0.041775869552169 -0.088677594811368 0.044630764931384
ps 0.015086434003334 0.24115955751588 -0.18579193034573 -0.47749896738698 -0.033635911048141
pr -0.066055146933329 -0.047095541748044 0.021963619876576 -0.067915943825919 -0.047315056899915
61 -0.053549262194632 0.071556577902243 -0.12167557180401 -0.072058530365383 0.069589187645947
pp -0.073389218882422 -0.035055798995414 0.11083065387551 -0.12433742679695 -0.11162090186449
pn -0.013439507782399 0.057542522240221 0.049466863969167 0.019043618979436 0.076764423345422
oy -0.0063767481940228 0.036057627335925 -0.24720076492115 0.09388222559145 -0.020028872246687
_z -0.027108338245961 -0.010077737382482 0.17058855520609 -0.0036904149761127 -0.18247718979484
pe 0.11969036090225 0.22699546017044 -0.16384776859124 -0.085688983705077 -0.1335432349436
k$ -0.10854713468117 0.15406566347208 -0.012261796659508 0.062606782444776 0.32361815503298
pd -0.11211173983426 0.047116684720588 -0.033713769017329 -0.077244426264476 -0.098670219741541
16 -0.11276638124555 -0.21030517842393 -0.0030562924949548 -0.4306576052502 -0.31741754491173
pa 0.087427465012201 0.015298777813328 0.033983806945322 -0.01094447776997 0.23035277785357
.p -0.18821002139347 0.088247523300056 0.29395149925882 0.11442975739108 0.065329054999896
82 -0.068290756033542 -0.030085512265066 0.00089592107778303 0.092857999570926 0.066816353986985
pg -0.097168904708487 -0.038830903169989 -0.02560395902353 -0.041133424115421 -0.098756390695493
06 0.22243561033957 -0.024321348604283 -0.24695947937523 0.0044360905674344 -0.12921983102875
ov -0.081018485669834 0.10162431637873 0.0025350173981312 0.012192081124282 0.019099660225274
41 0.08629399349301 0.067724322971547 -0.074879970612693 -0.046954775617275 0.1909081310528
29 -0.046891547803313 0.11560865483486 0.052847748796018 0.091563031429831 0.063387983649277
48 -0.18484151812171 0.10262230210041 -0.17807922573724 -0.39446240887573 -0.08376780396667
ot -0.3345698951009 -0.073162196717764 -0.0020528046755128 0.32291951833169 0.0010847770215219
nx 0.0068231160923335 -0.19723040771396 0.22358134148763 -0.097837979288713 0.11413898469143
d. -0.22567530006788 0.16694270857376 0.28170893549911 -0.0064377357863535 -0.091736518613512
os 0.44147662353833 0.093549415790563 -0.16481551762559 -0.28159231913811 0.14197583193446
_a -0.39763560970564 -0.094510083124308 0.076072017172704 0.046081894461785 0.15788963371456
or -0.13383789152932 0.24703672249458 -0.34251863264812 -0.10220625118845 -0.20516399797569
oo -0.077256769356215 -0.35984303558997 0.053436307776918 -0.0073302086384207 -0.038157974097856
gi -0.08731468294477 0.015030541421348 -0.0094968610365134 0.040904010355273 -0.086360305348609
ru 0.043592031588642 -0.0015310948276102 -0.022351904105109 -0.11710255024079 0.083536537816681
dc 0.1946051739882 -0.2557306262895 -0.15285938954269 -0.0090620004349102 -0.069409483898687
be -0.012861981443038 -0.031532987741962 0.01011691467791 0.13873272038559 0.25073937082857
ok -0.068662241977304 0.13750324224615 0.26227070655172 -0.061087096995871 -0.12446047768127
uy -0.28793656771905 0.07714307157356 0.23440390580496 0.050305991355591 0.1833018061764
/8 0.98394689141277 -0.69793930920011 -0.55185062639569 -0.9372984289696 -0.10441394634144
om -0.25345367054089 0.44674494068453 0.19123746074251 -0.41575722109942 0.52127023573504
in -0.11860977054877 0.044442873123671 0.019208583541679 -0.039841565675296 0.18785358353807
od -0.076266306300351 0.24931386395302 -0.28881386847069 -0.15946948554147 -0.010630719441193
ay 0.021386405045063 0.24564921075057 0.0058012992381169 0.33849151588184 0.30111536623139
ob 0.047759640171341 0.06745595936545 0.12572509097765 0.10641754945585 0.055328323805068
0a 0.12802286556585 0.11038858281466 0.21560151535758 -0.067825470047153 -0.19822174084155
oe 0.087606029905825 -0.050673519723418 -0.13094207399776 -0.073385044442462 -0.16238439617545
.r -0.036758752341779 0.11030218766625 0.069135842975645 -0.052396197823681 0.031846706994798
o. -0.26696176646337 0.16964616724868 -0.39377277096752 -0.19389002750857 -0.19589838672663
7b -0.073367290874348 -0.085433554747577 0.062752858383199 0.07805693739554 0.10798692485465
bc 0.053687978185493 -0.036587717672616 -0.12569333187515 0.014988392044234 0.15601566929336
ld -0.41006285639378 -0.029205747413392 0.47974731886374 -0.30886097892481 0.40688429509414
53 0.26020810800199 -0.083863566074467 -0.24659074723146 -0.17501170972319 -0.22205119152017
eo 0.0056957855180429 -0.062296451578912 0.052891560595833 -0.11739622857552 -0.056323585044439
fc 0.061649729322032 -0.15927109123294 -0.083572077954439 0.16029231326265 0.10772647354875
98 0.043856836094311 0.018507136030068 -0.14525439036739 -0.10450889474746 -0.23845800376644
81 -0.23837054347809 -0.028259568874696 0.073973613201608 -0.13683754351834 -0.14453474370259
jf 0.15634476630524 0.1815111418527 -0.11357302874656 0.1633847433844 0.11684603609893
ma 0.32569293728087 -0.16274824100347 0.047737986463941 -0.107340698669 -0.1554827582634
ga 0.10087789396673 -0.31362921869717 0.19646987609534 0.12254496466106 0.069836813943639
_( -0.10325169316235 -0.17491530360965 0.50906313018114 0.35618676532613 -0.085440398181007
mc -0.070054880535112 -0.1605265216462 0.19960289157992 0.0022342744245368 -0.066298667122734
fa -0.062344418408596 -0.18921535068559 -0.057433868732277 0.16043035084817 0.0064915743658736
ca 0.041575548937522 -0.11052715210562 0.22890256554059 -0.16566437844374 -0.09830081314243
sm 0.055072419581992 -0.098194372720412 -0.16299684837651 -0.24125561198631 0.160067692681
-c -0.079843748025532 -0.1122923684458 -0.046023575939236 0.071940529589004 -0.032914282580712
lt -0.21444021117562 0.11986027479677 0.1997339739593 -0.6267330732422 0.015894110867947
lm 0.011304014701225 0.050004251878866 -0.2074250743236 0.21023181263137 0.0079384442012377
6s 0.11212363250904 -0.16641045015618 -0.062148838615751 0.032042891664277 -0.019224629324091
-1 0.26773364693039 -0.21092469617334 0.16889443339312 0.036902102949031 -0.0099141320971054
ag -0.29850348069617 -0.1952297273666 0.10443005214027 -0.097164191988041 0.20243548244028
aa 0.073702853324738 -0.12874569878504 0.076868869233937 0.14106347981838 -0.10775939605128
ja -0.069130535127821 0.049428869002991 -0.15162486951898 0.093767165893403 -0.099661251108637
a$ 0.11298570721671 -0.10707831554214 0.053935732285505 -0.02477313231411 0.1150658198573
-- -2.4846871872379 0.59880103971967 1.6374933807186 1.9823404401307 0.78851967117366
91 0.0949920076492 0.025473881108271 -0.093055848918303 0.066497030104722 0.075825270726238
ir 0.15744430959007 -0.24266449091197 0.1192520872762 0.014887646175852 -0.4243061248614
08 0.11631076201803 -0.013150064077614 -0.034347105415363 0.039613485869627 0.065101381839835
.i 0.015108576337812 0.063308478039912 -0.019843645167539 0.080965790201998 -0.026750760317435
v. -0.1651360546494 -0.018965352848819 0.21268446221923 -0.031148834038701 0.14679163636462
dd 0.21432141934043 0.16645972542653 -0.015805828111637 0.19471847663272 0.029681034186657
ib -0.028880474480608 -0.041185820046077 0.052834315934861 0.007318271135363 0.032074025842262
fp 0.11955071637355 0.003717828739347 -0.051386837165219 0.0089416936561598 -0.016287220336749
.6 0.024568622524971 0.029284988976374 -0.017468997959479 0.052955601275007 -0.056831591231115
f. -0.10870320097186 -0.15720556359396 0.069265292041579 -0.02620163850748 -0.0016868123389664
-2 0.14541813021116 -0.050434252534273 -0.011948967482747 -0.061207504386586 -0.14799403020221
1. 0.079504526761162 -0.035506436638199 0.090677193769054 -0.11129816760029 0.089223843579767
ao -0.082804900988665 -0.089850504825454 -0.26823074799509 0.0086320208621463 -0.030032929169234
ek 0.040073953543351 -0.10720221041631 0.13165194334452 -0.11035912754754 -0.058788522521489
`` -0.37421785930028 0.29105014807042 0.48953410478286 -0.18047261832989 1.1112937125332
nr -0.18894858337028 -0.092754326450208 0.054615353828076 0.034613936953938 0.11455206628366
85 -0.016805674531565 0.058514436338786 -0.12989577365109 -0.11862109076864 -0.031735113381377
da 0.17618291354871 0.083867766379057 -0.019289119017573 -0.11775476117526 -0.054596439757251
uz -0.011421071945842 -0.069228895338662 -0.2223563953013 -0.15524450793722 0.16908576324562
sg -0.16789264663874 -0.094092175073483 0.11884058310607 -0.087252991872752 -0.0076239646186674
.h 0.057393837732943 -0.033616619770541 0.021228242522478 0.087443211565472 0.10512017324219
ie -0.13676164661135 -0.13261052199788 0.47582088340904 0.063892097226241 -0.21812963780285
07 0.21130201269606 -0.04950987418529 -0.30706282422992 -0.27550742729629 -0.088912816085381
_# 0.48735063790264 -0.24319360048333 0.21220303644713 -0.17616227256004 -0.72856610445853
'n -0.062417707350297 0.068918884637341 -0.20119828337048 0.15604163992391 -0.12584599664342
gn 0.038548963518955 0.051576813103316 -0.048613101744903 0.20024159927736 -0.40770855133151
bn -0.04566920643582 -0.031133771953408 0.0030619627239798 -0.024630610160288 -0.032691638178941
55 0.0034862308268874 0.10952643590451 -0.12813860838633 -0.14352876546901 -0.066966893578796
54 -0.05360957725116 -0.13270235464371 -0.23972352212013 -0.11577528463519 0.049449055584162
'd 0.030822066097031 -0.1770368487061 -0.084783735361008 0.21037975075984 -0.0074175743878242
_k -0.034241480670831 0.0046759604312466 -0.021732729683515 -0.034731660602705 -0.013752482884859
17 -0.13860650831958 0.053835175033967 0.14580912627694 0.13092503808585 -0.033636206493349
59 -0.060279922971168 0.071063292967534 -0.21926573499617 -0.039842873674565 0.11210439956885
.f -0.11610042624576 -0.029339564956664 0.011052710640156 -0.0025960108831724 -0.046513122138719
fi 0.054410423174221 0.17880726121619 0.12237391293679 0.02463575836552 -0.040526556964783
cu -0.00012783153892557 -0.079052258525828 -0.070430607330663 -0.0023064893689353 0.081643394360113
dy -0.27458847402139 -0.082774757552076 -0.058241550052564 0.24611519833767 -0.1198963373693
95 0.091683236933258 -0.12089648870832 -0.18527749750765 -0.017082165924801 0.043473439912359
aq 0.051628059314429 -0.039463861993344 0.15277459411497 -0.19228782968055 -0.029432092703904
14 0.024745133616958 -0.19485980095481 0.10990352734464 0.13619276991777 -0.14859280965712
.5 0.10073835357681 -0.31546768301891 0.35766467865551 -0.19407355213586 -0.27267619782661
cl -0.055399662895863 0.13875705389668 0.13792877363771 -0.086880416014247 0.10988734811246
35 -0.1011906209633 0.21294590444006 -0.11556627329274 0.15157413227003 -0.0068229936947438
dn -0.0087203885115789 0.020584796816772 0.051783281186421 0.039036804619276 -0.036018514829192
a3 -0.022021953125539 -0.02830193885513 0.27078536727453 0.31447732897771 -0.16028276818383
ix 0.12446789357728 0.026645674447196 0.0039881403549825 0.075147479742818 0.40102820905437
_@ -0.058830108742383 0.02661062918512 -0.015236916901531 0.019142524299811 -0.13200552234982
ry 0.26737906291336 -0.065800801985761 -0.0036950042388441 0.11895467246085 -0.34954066822059
42 -0.059281602923221 -0.034742610022153 -0.18799551275419 -0.301328824075 -0.070588144218975
i. 0.048294403361083 -0.15686573205302 0.11620672250116 -0.03613526463999 0.025997277455131
hu -0.032424926289644 -0.045613593968141 -0.029375332111839 0.061631059366069 0.12785418915551
ac 0.18233852455051 -0.021217970787044 0.039980708256657 0.05454025324864 0.034562802302511
_9 0.22249622877028 -0.090520024726729 -0.089464633371141 -0.041542250775591 0.14058887980588
ah -0.19773043595801 -0.13556102315026 -0.16323893658035 0.030873826295933 0.0016036866823536
73 0.084028845352861 0.17687850365828 -0.23297022110972 -0.076274937106878 -0.0025792091241989
_8 -0.12802009145814 -0.065770999184877 -0.040552506074598 -0.073602789216909 0.39123352486347
_6 -0.036193428604404 0.12904343253554 -0.058862024777215 0.17018900527197 -0.041028883030697
_- 0.22304949849737 0.0053609506421043 -0.2188500972073 0.084621880564902 0.32885583701838
_? 0.10728222108636 0.067484372084656 -0.073737090347929 0.12034187382989 -0.042294782787743
24 -0.02044834752842 0.059060517705779 -0.020065686163853 0.011495970953743 -0.027783077094656
ow -0.25670579262069 0.48808253690429 -0.40789259993465 -0.16967762980562 0.043684602071048
.d -0.061033058717352 -0.15969562732716 -0.046180730986642 -0.063953281940624 -0.0081055473840188
75 -0.057909388151758 -0.38113036790299 -0.26096697389904 -0.27354386735628 0.22185618952496
't 0.095770714646965 0.10256688776802 0.25743001387245 0.63548769779852 -0.085982136319035
nd -0.25309146578055 0.11773568815011 -0.11193800376756 -0.099827394957038 -0.30112554946396
ou -0.16589535523909 0.10492085294955 -0.13954961834714 -0.026502477975268 0.21516192856319
_} -0.49796255502881 -0.079017487683756 -0.040770365475077 0.11566232975598 -0.52810267263339
_0 -0.072800460284308 -0.21631211420552 0.15567876763414 0.10924042467946 -0.034791818802461
dt -0.14670353820967 0.14698361395138 0.02095259486485 -0.0045767795352449 -0.16873031561944
18 -0.21527882382423 0.013079533317201 -0.0044783709146972 -0.079343228128631 -0.089734011606693
e. -0.013854772033658 0.11493007493539 0.10135979309555 0.20963416735099 0.25128129620227
ee 0.095899215901384 0.08211901281265 0.21631159135598 -0.14305942391735 -0.20617378077885
el -0.072982779199528 0.072461732399818 -0.32587558034168 0.010114603851991 0.11522476095164
xi -0.0048618012249803 -0.090054444792043 0.077836040558905 0.10497978754167 0.13165596123575
ep -0.20115734218492 0.089215862439778 0.1954395270032 0.23974412209582 -0.27029917597672
rr -0.016602897974233 0.050302244768992 -0.14937496183389 -0.032270547127515 0.14850283668456
ff 0.099860894292985 0.055434392120463 -0.02742688028599 0.12392909687795 0.060772908212935
05 0.12881219182718 -0.061672273594274 0.072061689371647 0.057683362470904 -0.1255832159837
qe 0.094087799275471 0.002849376236743 -0.01687212760268 -0.10164941891373 -0.0081481194339263
ms -0.032509496653056 -0.21662245238944 -0.36462206269654 -0.5449109473275 0.16590325097282
k. 0.043509668280031 -0.059682850048958 0.10930052579864 0.080111766262039 -0.17174639701973
sr -0.05150771152888 -0.10227301753721 -0.14609710123082 0.081657801557802 0.12172950652676
al -0.0055893336596697 -0.0066637132996962 0.04127055343164 0.052929889424495 -0.63005825529438
m$ -0.027759204672512 -0.17664689393623 -0.038158690201137 0.052272523980631 0.060409307504016
ke -0.20837416256493 0.13830866315929 -0.36050302777072 0.10377553786241 -0.041033150666197
on 0.053204482947116 -0.077587459650664 -0.066474233339852 0.078749804096056 0.10748710158307
g. -0.1619070489758 0.01673372206683 0.15040137446714 0.068786790918665 0.082114976771559
gh -0.47976113867259 0.064757005156911 0.23450314067492 0.32843466176963 -0.4265509305964
88 -0.072211312711753 -0.2292167072753 0.37920065624088 0.10316300175248 0.097644417661408
20 -0.21834155956785 0.10827028165869 -0.060194001951816 -0.10919523913313 -0.046513466474469
hy 0.1938545810942 0.10520069008584 0.16178740292635 0.011334849646587 -0.35935526202882
ak -0.070079344905501 -0.11017193016627 -0.030288848542139 -0.051040041250475 -0.16668846109716
md 0.059502737215758 -0.016571277544144 -0.014372222532328 0.17790295176056 -0.17398767377062
9b 0.2006564217616 0.10150053483898 -0.090666804221474 -0.051052781095781 0.057711055571888
oh -0.046632856870801 0.10449927760352 0.3159070320824 0.097900225486825 -0.081400308944309
_c 0.088937209865799 -0.040736762845457 0.074506424724137 0.025839133839881 -0.051535757362793
gy 0.1367928264431 -0.00034949517613241 0.090665846393704 0.24107367668956 -0.034365291974853
ha 0.23635456729666 0.33944066973055 0.077622815317519 0.1124240060402 -0.010096653217572
av 0.055985381704851 -0.012681078662164 0.11838301375065 0.076811171110373 -0.065703848085378
66 0.096563660825094 0.096421711913832 -0.10700379304545 -0.1662730202317 -0.048056977945167
70 0.3491353229569 0.091092215857288 -0.16035986684403 0.20402693850224 0.44250669288052
hi -0.35318152421082 -0.081772104325764 -0.25690890726808 -0.048483958703695 0.017341976074577
mt 0.15746641300205 -0.10526908113768 -0.021922642784922 0.079256804062142 0.09513100196172
71 -0.01497664752553 0.060220396679815 -0.17822442463463 0.17377794962704 0.14580083355429
y- 0.066830130002683 -0.12020131636436 -0.02787021985906 0.19978847249858 -0.032698086378866
iu 0.24635460859157 0.002060347792802 0.024977620793598 -0.0054809036815523 0.0088102772002077
09 0.15888489963294 -0.077702280267429 -0.21035625395903 -0.24903853015246 0.011386913386785
_g -0.029065744708209 0.0017281688105253 -0.20199966398885 -0.11004904220925 -0.226148817913
67 0.075506352132612 -0.0563256497411 -0.20181482145486 -0.047399863102784 -0.21189808148376
ui -0.013392840073734 -0.070917789713241 -0.22511391005266 -0.27000874319825 0.036845394209117
3s -0.023229537102601 -0.070098511197173 -0.07822408224048 -0.0053803383165494 -0.079711056298031
lj 0.030988484595228 -0.069235941552897 0.12155570637615 -0.037519740627078 -0.013991076200219
dp -0.20305239207325 0.082317726270518 -0.093358187781526 0.050595472598076 0.037900351810811
_w 0.13267347773842 0.01133827134888 -0.034563405892175 0.018218717716087 0.034689066615967
m. -0.10815016507191 -0.016912474565828 -0.28246013045545 0.03504692504689 0.072448859660838
-7 -0.00054448955745309 -0.036639739159077 -0.25000917054724 0.048617379866723 0.055052844818351
nj 0.01492798174884 0.049983363084439 -0.00046893325889971 0.12173075957155 -0.096945387176216
27 0.13077066685824 0.14047745654385 -0.27818574952868 -0.01937872260022 0.081221920157198
iz 0.25897939892862 0.10621228756571 0.076114855889763 0.13708148781327 0.053939389111638
_j -0.10939524523899 0.082045444267669 -0.08969148169419 -0.16835345984713 -0.078169670857127
5s 0.1012867666652 0.07602618680163 0.045088757040109 -0.017354900055884 0.17747603182698
la 0.16204544267611 0.11775015855222 -0.5319493181715 -0.14466995038152 0.084560866144574
jn -0.099508051068175 -0.043295204997087 -0.12826470425126 0.03236726860753 -0.14512671013619
bh 0.0017544257230262 -0.110551935604 -0.02568041126998 0.087932747445823 -0.10180415902955
kr -0.013062773754458 -0.022759852973166 0.062255752265972 -0.13570902066873 -0.032914671512085
_d -0.08594180793296 -0.037053586089086 -0.15762040952675 -0.13272227790387 0.14246858236934
af 0.010656958654202 -0.081053524948869 -0.0017740855204952 0.054031716811072 0.13832596259613
fx 0.061392931542384 -0.013962960650366 0.12592300203435 -0.028039425411138 0.092501307094392
sj -0.085665387959906 0.27254690069903 0.19096421209594 -0.14089117083578 -0.038509169749167
li 0.062382017715216 0.12413187266669 0.077823710694872 -0.020768946341298 -0.072759035763732
ap -0.096167139989251 0.23574402063461 0.022116893234925 -0.00051582482833943 -0.26033081651037
lp 0.11833597635008 -0.043568117508574 -0.21314696423967 -0.0039455150198479 -0.23788477367241
&a 0.015227983680649 -0.0077790674335655 0.019547232333972 0.21555039263416 -0.029256679298461
me -0.20128164739039 0.033499648114378 -0.099120321184501 -0.06344473837431 -0.051169005160863
/e -0.17986759712949 -0.004045793838333 -0.10473146008471 -0.012212123423758 -0.24709342515106
ly 0.84839994922562 0.39775242751814 1.1053455854171 1.2662475519106 1.373960808342
4s -0.021355495681199 0.071976438153898 -0.11501705708345 0.0094257440641459 0.016873554151944
mu 0.012292232025871 0.069040693212458 -0.012950380818172 0.10695617459281 0.070875058831928
-o -0.13696329408522 -0.056498430392592 -0.11209338670449 -0.020871949085538 0.13633986450235
ye -0.10571298453639 0.053800714426433 -0.15229724370451 0.12195857853431 -0.15275616852172
h. 0.053921860631169 0.25873729433681 0.11879699379373 0.17199462348388 0.054121484323013
79 0.063851258459255 0.040194741543576 -0.055672742829633 -0.001916528846744 -0.011622640137001
ju 0.11692861442649 0.013712224080568 -0.081657240896223 0.016573923203935 -0.11658309360477
hs -0.10550178571381 -0.061872614597559 -0.24394860195591 0.17712516905912 -0.086045716672625
di -0.08645368252906 -0.06329753929628 -0.021816095059234 -0.06194299514801 0.022117379976202
nh -0.12146628802184 0.051578356679664 0.059724668052204 0.14838730349842 -0.012992334751892
tu 0.011011481343734 0.099816299336625 -0.028569157629642 -0.0016384208175695 0.028927253912677
l. -0.081296152839442 0.0087377708957527 0.15423135123527 0.02940537936007 -0.050213433225967
